3.579099999999999934e-08
3.579248257968865828e-08
3.579396515937731721e-08
3.579544773906597614e-08
3.579693031875463507e-08
3.579841289844328738e-08
3.579989547813194631e-08
3.580137805782060525e-08
3.580286063750926418e-08
3.580434321719792311e-08
3.580582579688658204e-08
3.580730837657524097e-08
3.580879095626389990e-08
3.581027353595255883e-08
3.581175611564121776e-08
3.581323869532987008e-08
3.581472127501852901e-08
3.581620385470718794e-08
3.581768643439584687e-08
3.581916901408450580e-08
3.582065159377316473e-08
3.582213417346182366e-08
3.582361675315048259e-08
3.582509933283914152e-08
3.582658191252780046e-08
3.582806449221645277e-08
3.582954707190511170e-08
3.583102965159377063e-08
3.583251223128242956e-08
3.583399481097108849e-08
3.583547739065974743e-08
3.583695997034840636e-08
3.583844255003706529e-08
3.583992512972572422e-08
3.584140770941438315e-08
3.584289028910303546e-08
3.584437286879169439e-08
3.584585544848035333e-08
3.584733802816901226e-08
3.584882060785767119e-08
3.585030318754633012e-08
3.585178576723498905e-08
3.585326834692364798e-08
3.585475092661230691e-08
3.585623350630096584e-08
3.585771608598961816e-08
3.585919866567827709e-08
3.586068124536693602e-08
3.586216382505559495e-08
3.586364640474425388e-08
3.586512898443291281e-08
3.586661156412157174e-08
3.586809414381023067e-08
3.586957672349888961e-08
3.587105930318754854e-08
3.587254188287620085e-08
3.587402446256485978e-08
3.587550704225351871e-08
3.587698962194217764e-08
3.587847220163083657e-08
3.587995478131949551e-08
3.588143736100815444e-08
3.588291994069681337e-08
3.588440252038547230e-08
3.588588510007413123e-08
3.588736767976278354e-08
3.588885025945144247e-08
3.589033283914010141e-08
3.589181541882876034e-08
3.589329799851741927e-08
3.589478057820607820e-08
3.589626315789473713e-08
3.589774573758339606e-08
3.589922831727205499e-08
3.590071089696071392e-08
3.590219347664936624e-08
3.590367605633802517e-08
3.590515863602668410e-08
3.590664121571534303e-08
3.590812379540400196e-08
3.590960637509266089e-08
3.591108895478131982e-08
3.591257153446997875e-08
3.591405411415863769e-08
3.591553669384729662e-08
3.591701927353594893e-08
3.591850185322460786e-08
3.591998443291326679e-08
3.592146701260192572e-08
3.592294959229058465e-08
3.592443217197924359e-08
3.592591475166790252e-08
3.592739733135656145e-08
3.592887991104522038e-08
3.593036249073387931e-08
3.593184507042253162e-08
3.593332765011119055e-08
3.593481022979984949e-08
3.593629280948850842e-08
3.593777538917716735e-08
3.593925796886582628e-08
3.594074054855448521e-08
3.594222312824314414e-08
3.594370570793180307e-08
3.594518828762046200e-08
3.594667086730911432e-08
3.594815344699777325e-08
3.594963602668643218e-08
3.595111860637509111e-08
3.595260118606375004e-08
3.595408376575240897e-08
3.595556634544106790e-08
3.595704892512972683e-08
3.595853150481838577e-08
3.596001408450704470e-08
3.596149666419569701e-08
3.596297924388435594e-08
3.596446182357301487e-08
3.596594440326167380e-08
3.596742698295033273e-08
3.596890956263899167e-08
3.597039214232765060e-08
3.597187472201630953e-08
3.597335730170496846e-08
3.597483988139362077e-08
3.597632246108227970e-08
3.597780504077093863e-08
3.597928762045959757e-08
3.598077020014825650e-08
3.598225277983691543e-08
3.598373535952557436e-08
3.598521793921423329e-08
3.598670051890289222e-08
3.598818309859155115e-08
3.598966567828020347e-08
3.599114825796886240e-08
3.599263083765752133e-08
3.599411341734618026e-08
3.599559599703483919e-08
3.599707857672349812e-08
3.599856115641215705e-08
3.600004373610081598e-08
3.600152631578947491e-08
3.600300889547813385e-08
3.600449147516678616e-08
3.600597405485544509e-08
3.600745663454410402e-08
3.600893921423276295e-08
3.601042179392142188e-08
3.601190437361008081e-08
3.601338695329873975e-08
3.601486953298739868e-08
3.601635211267605761e-08
3.601783469236471654e-08
3.601931727205336885e-08
3.602079985174202778e-08
3.602228243143068671e-08
3.602376501111934565e-08
3.602524759080800458e-08
3.602673017049666351e-08
3.602821275018532244e-08
3.602969532987398137e-08
3.603117790956264030e-08
3.603266048925129923e-08
3.603414306893995155e-08
3.603562564862861048e-08
3.603710822831726941e-08
3.603859080800592834e-08
3.604007338769458727e-08
3.604155596738324620e-08
3.604303854707190513e-08
3.604452112676056406e-08
3.604600370644922299e-08
3.604748628613788193e-08
3.604896886582653424e-08
3.605045144551519317e-08
3.605193402520385210e-08
3.605341660489251103e-08
3.605489918458116996e-08
3.605638176426982889e-08
3.605786434395848783e-08
3.605934692364714676e-08
3.606082950333580569e-08
3.606231208302446462e-08
3.606379466271311693e-08
3.606527724240177586e-08
3.606675982209043479e-08
3.606824240177909373e-08
3.606972498146775266e-08
3.607120756115641159e-08
3.607269014084507052e-08
3.607417272053372945e-08
3.607565530022238838e-08
3.607713787991104731e-08
3.607862045959969963e-08
3.608010303928835856e-08
3.608158561897701749e-08
3.608306819866567642e-08
3.608455077835433535e-08
3.608603335804299428e-08
3.608751593773165321e-08
3.608899851742031214e-08
3.609048109710897107e-08
3.609196367679763001e-08
3.609344625648628232e-08
3.609492883617494125e-08
3.609641141586360018e-08
3.609789399555225911e-08
3.609937657524091804e-08
3.610085915492957697e-08
3.610234173461823591e-08
3.610382431430689484e-08
3.610530689399555377e-08
3.610678947368421270e-08
3.610827205337286501e-08
3.610975463306152394e-08
3.611123721275018287e-08
3.611271979243884181e-08
3.611420237212750074e-08
3.611568495181615967e-08
3.611716753150481860e-08
3.611865011119347753e-08
3.612013269088213646e-08
3.612161527057079539e-08
3.612309785025944771e-08
3.612458042994810664e-08
3.612606300963676557e-08
3.612754558932542450e-08
3.612902816901408343e-08
3.613051074870274236e-08
3.613199332839140129e-08
3.613347590808006022e-08
3.613495848776871915e-08
3.613644106745737809e-08
3.613792364714603040e-08
3.613940622683468933e-08
3.614088880652334826e-08
3.614237138621200719e-08
3.614385396590066612e-08
3.614533654558932505e-08
3.614681912527798399e-08
3.614830170496664292e-08
3.614978428465530185e-08
3.615126686434396078e-08
3.615274944403261309e-08
3.615423202372127202e-08
3.615571460340993095e-08
3.615719718309858989e-08
3.615867976278724882e-08
3.616016234247590775e-08
3.616164492216456668e-08
3.616312750185322561e-08
3.616461008154188454e-08
3.616609266123053686e-08
3.616757524091919579e-08
3.616905782060785472e-08
3.617054040029651365e-08
3.617202297998517258e-08
3.617350555967383151e-08
3.617498813936249044e-08
3.617647071905114937e-08
3.617795329873980830e-08
3.617943587842846723e-08
3.618091845811711955e-08
3.618240103780577848e-08
3.618388361749443741e-08
3.618536619718309634e-08
3.618684877687175527e-08
3.618833135656041420e-08
3.618981393624907313e-08
3.619129651593773207e-08
3.619277909562639100e-08
3.619426167531504993e-08
3.619574425500370224e-08
3.619722683469236117e-08
3.619870941438102010e-08
3.620019199406967904e-08
3.620167457375833797e-08
3.620315715344699690e-08
3.620463973313565583e-08
3.620612231282431476e-08
3.620760489251297369e-08
3.620908747220163262e-08
3.621057005189028494e-08
3.621205263157894387e-08
3.621353521126760280e-08
3.621501779095626173e-08
3.621650037064492066e-08
3.621798295033357959e-08
3.621946553002223852e-08
3.622094810971089745e-08
3.622243068939955638e-08
3.622391326908821531e-08
3.622539584877686763e-08
3.622687842846552656e-08
3.622836100815418549e-08
3.622984358784284442e-08
3.623132616753150335e-08
3.623280874722016228e-08
3.623429132690882122e-08
3.623577390659748015e-08
3.623725648628613908e-08
3.623873906597479801e-08
3.624022164566345032e-08
3.624170422535210925e-08
3.624318680504076818e-08
3.624466938472942712e-08
3.624615196441808605e-08
3.624763454410674498e-08
3.624911712379540391e-08
3.625059970348406284e-08
3.625208228317272177e-08
3.625356486286138070e-08
3.625504744255003302e-08
3.625653002223869195e-08
3.625801260192735088e-08
3.625949518161600981e-08
3.626097776130466874e-08
3.626246034099332767e-08
3.626394292068198660e-08
3.626542550037064553e-08
3.626690808005930446e-08
3.626839065974796339e-08
3.626987323943661571e-08
3.627135581912527464e-08
3.627283839881393357e-08
3.627432097850259250e-08
3.627580355819125143e-08
3.627728613787991036e-08
3.627876871756856930e-08
3.628025129725722823e-08
3.628173387694588716e-08
3.628321645663454609e-08
3.628469903632319840e-08
3.628618161601185733e-08
3.628766419570051626e-08
3.628914677538917520e-08
3.629062935507783413e-08
3.629211193476649306e-08
3.629359451445515199e-08
3.629507709414381092e-08
3.629655967383246985e-08
3.629804225352112878e-08
3.629952483320978110e-08
3.630100741289844003e-08
3.630248999258709896e-08
3.630397257227575789e-08
3.630545515196441682e-08
3.630693773165307575e-08
3.630842031134173468e-08
3.630990289103039361e-08
3.631138547071905254e-08
3.631286805040771148e-08
3.631435063009636379e-08
3.631583320978502272e-08
3.631731578947368165e-08
3.631879836916234058e-08
3.632028094885099951e-08
3.632176352853965844e-08
3.632324610822831738e-08
3.632472868791697631e-08
3.632621126760563524e-08
3.632769384729428755e-08
3.632917642698294648e-08
3.633065900667160541e-08
3.633214158636026434e-08
3.633362416604892328e-08
3.633510674573758221e-08
3.633658932542624114e-08
3.633807190511490007e-08
3.633955448480355900e-08
3.634103706449221793e-08
3.634251964418087024e-08
3.634400222386952918e-08
3.634548480355818811e-08
3.634696738324684704e-08
3.634844996293550597e-08
3.634993254262416490e-08
3.635141512231282383e-08
3.635289770200148276e-08
3.635438028169014169e-08
3.635586286137880062e-08
3.635734544106745294e-08
3.635882802075611187e-08
3.636031060044477080e-08
3.636179318013342973e-08
3.636327575982208866e-08
3.636475833951074759e-08
3.636624091919940652e-08
3.636772349888806546e-08
3.636920607857672439e-08
3.637068865826538332e-08
3.637217123795403563e-08
3.637365381764269456e-08
3.637513639733135349e-08
3.637661897702001242e-08
3.637810155670867136e-08
3.637958413639733029e-08
3.638106671608598922e-08
3.638254929577464815e-08
3.638403187546330708e-08
3.638551445515196601e-08
3.638699703484061832e-08
3.638847961452927726e-08
3.638996219421793619e-08
3.639144477390659512e-08
3.639292735359525405e-08
3.639440993328391298e-08
3.639589251297257191e-08
3.639737509266123084e-08
3.639885767234988977e-08
3.640034025203854870e-08
3.640182283172720102e-08
3.640330541141585995e-08
3.640478799110451888e-08
3.640627057079317781e-08
3.640775315048183674e-08
3.640923573017049567e-08
3.641071830985915460e-08
3.641220088954781354e-08
3.641368346923647247e-08
3.641516604892513140e-08
3.641664862861378371e-08
3.641813120830244264e-08
3.641961378799110157e-08
3.642109636767976050e-08
3.642257894736841944e-08
3.642406152705707837e-08
3.642554410674573730e-08
3.642702668643439623e-08
3.642850926612305516e-08
3.642999184581171409e-08
3.643147442550036640e-08
3.643295700518902534e-08
3.643443958487768427e-08
3.643592216456634320e-08
3.643740474425500213e-08
3.643888732394366106e-08
3.644036990363231999e-08
3.644185248332097892e-08
3.644333506300963785e-08
3.644481764269829678e-08
3.644630022238694910e-08
3.644778280207560803e-08
3.644926538176426696e-08
3.645074796145292589e-08
3.645223054114158482e-08
3.645371312083024375e-08
3.645519570051890268e-08
3.645667828020756162e-08
3.645816085989622055e-08
3.645964343958487948e-08
3.646112601927353179e-08
3.646260859896219072e-08
3.646409117865084965e-08
3.646557375833950858e-08
3.646705633802816752e-08
3.646853891771682645e-08
3.647002149740548538e-08
3.647150407709414431e-08
3.647298665678280324e-08
3.647446923647146217e-08
3.647595181616011448e-08
3.647743439584877342e-08
3.647891697553743235e-08
3.648039955522609128e-08
3.648188213491475021e-08
3.648336471460340914e-08
3.648484729429206807e-08
3.648632987398072700e-08
3.648781245366938593e-08
3.648929503335804486e-08
3.649077761304669718e-08
3.649226019273535611e-08
3.649374277242401504e-08
3.649522535211267397e-08
3.649670793180133290e-08
3.649819051148999183e-08
3.649967309117865076e-08
3.650115567086730970e-08
3.650263825055596863e-08
3.650412083024462756e-08
3.650560340993327987e-08
3.650708598962193880e-08
3.650856856931059773e-08
3.651005114899925666e-08
3.651153372868791560e-08
3.651301630837657453e-08
3.651449888806523346e-08
3.651598146775389239e-08
3.651746404744255132e-08
3.651894662713120363e-08
3.652042920681986256e-08
3.652191178650852150e-08
3.652339436619718043e-08
3.652487694588583936e-08
3.652635952557449829e-08
3.652784210526315722e-08
3.652932468495181615e-08
3.653080726464047508e-08
3.653228984432913401e-08
3.653377242401778633e-08
3.653525500370644526e-08
3.653673758339510419e-08
3.653822016308376312e-08
3.653970274277242205e-08
3.654118532246108098e-08
3.654266790214973991e-08
3.654415048183839884e-08
3.654563306152705778e-08
3.654711564121571671e-08
3.654859822090436902e-08
3.655008080059302795e-08
3.655156338028168688e-08
3.655304595997034581e-08
3.655452853965900474e-08
3.655601111934766368e-08
3.655749369903632261e-08
3.655897627872498154e-08
3.656045885841364047e-08
3.656194143810229940e-08
3.656342401779095171e-08
3.656490659747961064e-08
3.656638917716826958e-08
3.656787175685692851e-08
3.656935433654558744e-08
3.657083691623424637e-08
3.657231949592290530e-08
3.657380207561156423e-08
3.657528465530022316e-08
3.657676723498888209e-08
3.657824981467753441e-08
3.657973239436619334e-08
3.658121497405485227e-08
3.658269755374351120e-08
3.658418013343217013e-08
3.658566271312082906e-08
3.658714529280948799e-08
3.658862787249814692e-08
3.659011045218680586e-08
3.659159303187546479e-08
3.659307561156411710e-08
3.659455819125277603e-08
3.659604077094143496e-08
3.659752335063009389e-08
3.659900593031875282e-08
3.660048851000741176e-08
3.660197108969607069e-08
3.660345366938472962e-08
3.660493624907338855e-08
3.660641882876204748e-08
3.660790140845069979e-08
3.660938398813935873e-08
3.661086656782801766e-08
3.661234914751667659e-08
3.661383172720533552e-08
3.661531430689399445e-08
3.661679688658265338e-08
3.661827946627131231e-08
3.661976204595997124e-08
3.662124462564863017e-08
3.662272720533728249e-08
3.662420978502594142e-08
3.662569236471460035e-08
3.662717494440325928e-08
3.662865752409191821e-08
3.663014010378057714e-08
3.663162268346923607e-08
3.663310526315789500e-08
3.663458784284655394e-08
3.663607042253521287e-08
3.663755300222386518e-08
3.663903558191252411e-08
3.664051816160118304e-08
3.664200074128984197e-08
3.664348332097850091e-08
3.664496590066715984e-08
3.664644848035581877e-08
3.664793106004447770e-08
3.664941363973313663e-08
3.665089621942179556e-08
3.665237879911044787e-08
3.665386137879910681e-08
3.665534395848776574e-08
3.665682653817642467e-08
3.665830911786508360e-08
3.665979169755374253e-08
3.666127427724240146e-08
3.666275685693106039e-08
3.666423943661971932e-08
3.666572201630837825e-08
3.666720459599703057e-08
3.666868717568568950e-08
3.667016975537434843e-08
3.667165233506300736e-08
3.667313491475166629e-08
3.667461749444032522e-08
3.667610007412898415e-08
3.667758265381764309e-08
3.667906523350630202e-08
3.668054781319495433e-08
3.668203039288361326e-08
3.668351297257227219e-08
3.668499555226093112e-08
3.668647813194959005e-08
3.668796071163824899e-08
3.668944329132690792e-08
3.669092587101556685e-08
3.669240845070422578e-08
3.669389103039288471e-08
3.669537361008154364e-08
3.669685618977019595e-08
3.669833876945885489e-08
3.669982134914751382e-08
3.670130392883617275e-08
3.670278650852483168e-08
3.670426908821349061e-08
3.670575166790214954e-08
3.670723424759080847e-08
3.670871682727946740e-08
3.671019940696811972e-08
3.671168198665677865e-08
3.671316456634543758e-08
3.671464714603409651e-08
3.671612972572275544e-08
3.671761230541141437e-08
3.671909488510007330e-08
3.672057746478873223e-08
3.672206004447739117e-08
3.672354262416605010e-08
3.672502520385470241e-08
3.672650778354336134e-08
3.672799036323202027e-08
3.672947294292067920e-08
3.673095552260933813e-08
3.673243810229799707e-08
3.673392068198665600e-08
3.673540326167531493e-08
3.673688584136397386e-08
3.673836842105263279e-08
3.673985100074128510e-08
3.674133358042994403e-08
3.674281616011860297e-08
3.674429873980726190e-08
3.674578131949592083e-08
3.674726389918457976e-08
3.674874647887323869e-08
3.675022905856189762e-08
3.675171163825055655e-08
3.675319421793921548e-08
3.675467679762786780e-08
3.675615937731652673e-08
3.675764195700518566e-08
3.675912453669384459e-08
3.676060711638250352e-08
3.676208969607116245e-08
3.676357227575982138e-08
3.676505485544848031e-08
3.676653743513713925e-08
3.676802001482579818e-08
3.676950259451445049e-08
3.677098517420310942e-08
3.677246775389176835e-08
3.677395033358042728e-08
3.677543291326908621e-08
3.677691549295774515e-08
3.677839807264640408e-08
3.677988065233506301e-08
3.678136323202372194e-08
3.678284581171238087e-08
3.678432839140103318e-08
3.678581097108969211e-08
3.678729355077835105e-08
3.678877613046700998e-08
3.679025871015566891e-08
3.679174128984432784e-08
3.679322386953298677e-08
3.679470644922164570e-08
3.679618902891030463e-08
3.679767160859896356e-08
3.679915418828761588e-08
3.680063676797627481e-08
3.680211934766493374e-08
3.680360192735359267e-08
3.680508450704225160e-08
3.680656708673091053e-08
3.680804966641956946e-08
3.680953224610822839e-08
3.681101482579688733e-08
3.681249740548554626e-08
3.681397998517419857e-08
3.681546256486285750e-08
3.681694514455151643e-08
3.681842772424017536e-08
3.681991030392883429e-08
3.682139288361749323e-08
3.682287546330615216e-08
3.682435804299481109e-08
3.682584062268347002e-08
3.682732320237212895e-08
3.682880578206078126e-08
3.683028836174944019e-08
3.683177094143809913e-08
3.683325352112675806e-08
3.683473610081541699e-08
3.683621868050407592e-08
3.683770126019273485e-08
3.683918383988139378e-08
3.684066641957005271e-08
3.684214899925870503e-08
3.684363157894736396e-08
3.684511415863602289e-08
3.684659673832468182e-08
3.684807931801334075e-08
3.684956189770199968e-08
3.685104447739065861e-08
3.685252705707931754e-08
3.685400963676797647e-08
3.685549221645663541e-08
3.685697479614529434e-08
3.685845737583394665e-08
3.685993995552260558e-08
3.686142253521126451e-08
3.686290511489992344e-08
3.686438769458858237e-08
3.686587027427724131e-08
3.686735285396590024e-08
3.686883543365455917e-08
3.687031801334321810e-08
3.687180059303187041e-08
3.687328317272052934e-08
3.687476575240918827e-08
3.687624833209784721e-08
3.687773091178650614e-08
3.687921349147516507e-08
3.688069607116382400e-08
3.688217865085248293e-08
3.688366123054114186e-08
3.688514381022980079e-08
3.688662638991845972e-08
3.688810896960711204e-08
3.688959154929577097e-08
3.689107412898442990e-08
3.689255670867308883e-08
3.689403928836174776e-08
3.689552186805040669e-08
3.689700444773906562e-08
3.689848702742772455e-08
3.689996960711638349e-08
3.690145218680503580e-08
3.690293476649369473e-08
3.690441734618235366e-08
3.690589992587101259e-08
3.690738250555967152e-08
3.690886508524833045e-08
3.691034766493698939e-08
3.691183024462564832e-08
3.691331282431430725e-08
3.691479540400296618e-08
3.691627798369161849e-08
3.691776056338027742e-08
3.691924314306893635e-08
3.692072572275759529e-08
3.692220830244625422e-08
3.692369088213491315e-08
3.692517346182357208e-08
3.692665604151223101e-08
3.692813862120088994e-08
3.692962120088954887e-08
3.693110378057820119e-08
3.693258636026686012e-08
3.693406893995551905e-08
3.693555151964417798e-08
3.693703409933283691e-08
3.693851667902149584e-08
3.693999925871015477e-08
3.694148183839881370e-08
3.694296441808747263e-08
3.694444699777613157e-08
3.694592957746478388e-08
3.694741215715344281e-08
3.694889473684210174e-08
3.695037731653076067e-08
3.695185989621941960e-08
3.695334247590807853e-08
3.695482505559673747e-08
3.695630763528539640e-08
3.695779021497405533e-08
3.695927279466271426e-08
3.696075537435136657e-08
3.696223795404002550e-08
3.696372053372868443e-08
3.696520311341734337e-08
3.696668569310600230e-08
3.696816827279466123e-08
3.696965085248332016e-08
3.697113343217197909e-08
3.697261601186063802e-08
3.697409859154929695e-08
3.697558117123794927e-08
3.697706375092660820e-08
3.697854633061526713e-08
3.698002891030392606e-08
3.698151148999258499e-08
3.698299406968124392e-08
3.698447664936990285e-08
3.698595922905856178e-08
3.698744180874722071e-08
3.698892438843587965e-08
3.699040696812453196e-08
3.699188954781319089e-08
3.699337212750184982e-08
3.699485470719050875e-08
3.699633728687916768e-08
3.699781986656782661e-08
3.699930244625648555e-08
3.700078502594514448e-08
3.700226760563380341e-08
3.700375018532246234e-08
3.700523276501111465e-08
3.700671534469977358e-08
3.700819792438843252e-08
3.700968050407709145e-08
3.701116308376575038e-08
3.701264566345440931e-08
3.701412824314306824e-08
3.701561082283172717e-08
3.701709340252038610e-08
3.701857598220904503e-08
3.702005856189769735e-08
3.702154114158635628e-08
3.702302372127501521e-08
3.702450630096367414e-08
3.702598888065233307e-08
3.702747146034099200e-08
3.702895404002965093e-08
3.703043661971830986e-08
3.703191919940696879e-08
3.703340177909562111e-08
3.703488435878428004e-08
3.703636693847293897e-08
3.703784951816159790e-08
3.703933209785025683e-08
3.704081467753891576e-08
3.704229725722757470e-08
3.704377983691623363e-08
3.704526241660489256e-08
3.704674499629355149e-08
3.704822757598221042e-08
3.704971015567086273e-08
3.705119273535952166e-08
3.705267531504818060e-08
3.705415789473683953e-08
3.705564047442549846e-08
3.705712305411415739e-08
3.705860563380281632e-08
3.706008821349147525e-08
3.706157079318013418e-08
3.706305337286878650e-08
3.706453595255744543e-08
3.706601853224610436e-08
3.706750111193476329e-08
3.706898369162342222e-08
3.707046627131208115e-08
3.707194885100074008e-08
3.707343143068939901e-08
3.707491401037805794e-08
3.707639659006671688e-08
3.707787916975536919e-08
3.707936174944402812e-08
3.708084432913268705e-08
3.708232690882134598e-08
3.708380948851000491e-08
3.708529206819866384e-08
3.708677464788732278e-08
3.708825722757598171e-08
3.708973980726464064e-08
3.709122238695329957e-08
3.709270496664195188e-08
3.709418754633061081e-08
3.709567012601926974e-08
3.709715270570792868e-08
3.709863528539658761e-08
3.710011786508524654e-08
3.710160044477390547e-08
3.710308302446256440e-08
3.710456560415122333e-08
3.710604818383988226e-08
3.710753076352853458e-08
3.710901334321719351e-08
3.711049592290585244e-08
3.711197850259451137e-08
3.711346108228317030e-08
3.711494366197182923e-08
3.711642624166048816e-08
3.711790882134914709e-08
3.711939140103780602e-08
3.712087398072646496e-08
3.712235656041511727e-08
3.712383914010377620e-08
3.712532171979243513e-08
3.712680429948109406e-08
3.712828687916975299e-08
3.712976945885841192e-08
3.713125203854707086e-08
3.713273461823572979e-08
3.713421719792438872e-08
3.713569977761304765e-08
3.713718235730169996e-08
3.713866493699035889e-08
3.714014751667901782e-08
3.714163009636767676e-08
3.714311267605633569e-08
3.714459525574499462e-08
3.714607783543365355e-08
3.714756041512231248e-08
3.714904299481097141e-08
3.715052557449963034e-08
3.715200815418828266e-08
3.715349073387694159e-08
3.715497331356560052e-08
3.715645589325425945e-08
3.715793847294291838e-08
3.715942105263157731e-08
3.716090363232023624e-08
3.716238621200889517e-08
3.716386879169755410e-08
3.716535137138621304e-08
3.716683395107486535e-08
3.716831653076352428e-08
3.716979911045218321e-08
3.717128169014084214e-08
3.717276426982950107e-08
3.717424684951816000e-08
3.717572942920681894e-08
3.717721200889547787e-08
3.717869458858413680e-08
3.718017716827279573e-08
3.718165974796144804e-08
3.718314232765010697e-08
3.718462490733876590e-08
3.718610748702742484e-08
3.718759006671608377e-08
3.718907264640474270e-08
3.719055522609340163e-08
3.719203780578206056e-08
3.719352038547071949e-08
3.719500296515937180e-08
3.719648554484803074e-08
3.719796812453668967e-08
3.719945070422534860e-08
3.720093328391400753e-08
3.720241586360266646e-08
3.720389844329132539e-08
3.720538102297998432e-08
3.720686360266864325e-08
3.720834618235730218e-08
3.720982876204596112e-08
3.721131134173461343e-08
3.721279392142327236e-08
3.721427650111193129e-08
3.721575908080059022e-08
3.721724166048924915e-08
3.721872424017790808e-08
3.722020681986656702e-08
3.722168939955522595e-08
3.722317197924388488e-08
3.722465455893253719e-08
3.722613713862119612e-08
3.722761971830985505e-08
3.722910229799851398e-08
3.723058487768717292e-08
3.723206745737583185e-08
3.723355003706449078e-08
3.723503261675314971e-08
3.723651519644180864e-08
3.723799777613046757e-08
3.723948035581912650e-08
3.724096293550777882e-08
3.724244551519643775e-08
3.724392809488509668e-08
3.724541067457375561e-08
3.724689325426241454e-08
3.724837583395107347e-08
3.724985841363973240e-08
3.725134099332839133e-08
3.725282357301705026e-08
3.725430615270570258e-08
3.725578873239436151e-08
3.725727131208302044e-08
3.725875389177167937e-08
3.726023647146033830e-08
3.726171905114899723e-08
3.726320163083765616e-08
3.726468421052631510e-08
3.726616679021497403e-08
3.726764936990363296e-08
3.726913194959228527e-08
3.727061452928094420e-08
3.727209710896960313e-08
3.727357968865826206e-08
3.727506226834692100e-08
3.727654484803557993e-08
3.727802742772423886e-08
3.727951000741289779e-08
3.728099258710155672e-08
3.728247516679021565e-08
3.728395774647886796e-08
3.728544032616752690e-08
3.728692290585618583e-08
3.728840548554484476e-08
3.728988806523350369e-08
3.729137064492216262e-08
3.729285322461082155e-08
3.729433580429948048e-08
3.729581838398813941e-08
3.729730096367679834e-08
3.729878354336545066e-08
3.730026612305410959e-08
3.730174870274276852e-08
3.730323128243142745e-08
3.730471386212008638e-08
3.730619644180874531e-08
3.730767902149740424e-08
3.730916160118606318e-08
3.731064418087472211e-08
3.731212676056338104e-08
3.731360934025203335e-08
3.731509191994069228e-08
3.731657449962935121e-08
3.731805707931801014e-08
3.731953965900666908e-08
3.732102223869532801e-08
3.732250481838398694e-08
3.732398739807264587e-08
3.732546997776130480e-08
3.732695255744996373e-08
3.732843513713861604e-08
3.732991771682727498e-08
3.733140029651593391e-08
3.733288287620459284e-08
3.733436545589325177e-08
3.733584803558191070e-08
3.733733061527056963e-08
3.733881319495922856e-08
3.734029577464788749e-08
3.734177835433654642e-08
3.734326093402519874e-08
3.734474351371385767e-08
3.734622609340251660e-08
3.734770867309117553e-08
3.734919125277983446e-08
3.735067383246849339e-08
3.735215641215715232e-08
3.735363899184581126e-08
3.735512157153447019e-08
3.735660415122312912e-08
3.735808673091178143e-08
3.735956931060044036e-08
3.736105189028909929e-08
3.736253446997775822e-08
3.736401704966641716e-08
3.736549962935507609e-08
3.736698220904373502e-08
3.736846478873239395e-08
3.736994736842105288e-08
3.737142994810971181e-08
3.737291252779836412e-08
3.737439510748702306e-08
3.737587768717568199e-08
3.737736026686434092e-08
3.737884284655299985e-08
3.738032542624165878e-08
3.738180800593031771e-08
3.738329058561897664e-08
3.738477316530763557e-08
3.738625574499628789e-08
3.738773832468494682e-08
3.738922090437360575e-08
3.739070348406226468e-08
3.739218606375092361e-08
3.739366864343958254e-08
3.739515122312824147e-08
3.739663380281690040e-08
3.739811638250555934e-08
3.739959896219421827e-08
3.740108154188287720e-08
3.740256412157152951e-08
3.740404670126018844e-08
3.740552928094884737e-08
3.740701186063750630e-08
3.740849444032616524e-08
3.740997702001482417e-08
3.741145959970348310e-08
3.741294217939214203e-08
3.741442475908080096e-08
3.741590733876945327e-08
3.741738991845811221e-08
3.741887249814677114e-08
3.742035507783543007e-08
3.742183765752408900e-08
3.742332023721274793e-08
3.742480281690140686e-08
3.742628539659006579e-08
3.742776797627872472e-08
3.742925055596738365e-08
3.743073313565603597e-08
3.743221571534469490e-08
3.743369829503335383e-08
3.743518087472201276e-08
3.743666345441067169e-08
3.743814603409933062e-08
3.743962861378798955e-08
3.744111119347664848e-08
3.744259377316530742e-08
3.744407635285396635e-08
3.744555893254261866e-08
3.744704151223127759e-08
3.744852409191993652e-08
3.745000667160859545e-08
3.745148925129725439e-08
3.745297183098591332e-08
3.745445441067457225e-08
3.745593699036323118e-08
3.745741957005189011e-08
3.745890214974054904e-08
3.746038472942920135e-08
3.746186730911786029e-08
3.746334988880651922e-08
3.746483246849517815e-08
3.746631504818383708e-08
3.746779762787249601e-08
3.746928020756115494e-08
3.747076278724981387e-08
3.747224536693847280e-08
3.747372794662713173e-08
3.747521052631578405e-08
3.747669310600444298e-08
3.747817568569310191e-08
3.747965826538176084e-08
3.748114084507041977e-08
3.748262342475907870e-08
3.748410600444773763e-08
3.748558858413639657e-08
3.748707116382505550e-08
3.748855374351371443e-08
3.749003632320236674e-08
3.749151890289102567e-08
3.749300148257968460e-08
3.749448406226834353e-08
3.749596664195700247e-08
3.749744922164566140e-08
3.749893180133432033e-08
3.750041438102297926e-08
3.750189696071163819e-08
3.750337954040029712e-08
3.750486212008894943e-08
3.750634469977760837e-08
3.750782727946626730e-08
3.750930985915492623e-08
3.751079243884358516e-08
3.751227501853224409e-08
3.751375759822090302e-08
3.751524017790956195e-08
3.751672275759822088e-08
3.751820533728687981e-08
3.751968791697553213e-08
3.752117049666419106e-08
3.752265307635284999e-08
3.752413565604150892e-08
3.752561823573016785e-08
3.752710081541882678e-08
3.752858339510748571e-08
3.753006597479614465e-08
3.753154855448480358e-08
3.753303113417346251e-08
3.753451371386211482e-08
3.753599629355077375e-08
3.753747887323943268e-08
3.753896145292809161e-08
3.754044403261675055e-08
3.754192661230540948e-08
3.754340919199406841e-08
3.754489177168272734e-08
3.754637435137138627e-08
3.754785693106004520e-08
3.754933951074869751e-08
3.755082209043735645e-08
3.755230467012601538e-08
3.755378724981467431e-08
3.755526982950333324e-08
3.755675240919199217e-08
3.755823498888065110e-08
3.755971756856931003e-08
3.756120014825796896e-08
3.756268272794662789e-08
3.756416530763528021e-08
3.756564788732393914e-08
3.756713046701259807e-08
3.756861304670125700e-08
3.757009562638991593e-08
3.757157820607857486e-08
3.757306078576723379e-08
3.757454336545589273e-08
3.757602594514455166e-08
3.757750852483320397e-08
3.757899110452186290e-08
3.758047368421052183e-08
3.758195626389918076e-08
3.758343884358783969e-08
3.758492142327649863e-08
3.758640400296515756e-08
3.758788658265381649e-08
3.758936916234247542e-08
3.759085174203113435e-08
3.759233432171979328e-08
3.759381690140844559e-08
3.759529948109710453e-08
3.759678206078576346e-08
3.759826464047442239e-08
3.759974722016308132e-08
3.760122979985174025e-08
3.760271237954039918e-08
3.760419495922905811e-08
3.760567753891771704e-08
3.760716011860636936e-08
3.760864269829502829e-08
3.761012527798368722e-08
3.761160785767234615e-08
3.761309043736100508e-08
3.761457301704966401e-08
3.761605559673832294e-08
3.761753817642698187e-08
3.761902075611564081e-08
3.762050333580429974e-08
3.762198591549295205e-08
3.762346849518161098e-08
3.762495107487026991e-08
3.762643365455892884e-08
3.762791623424758777e-08
3.762939881393624671e-08
3.763088139362490564e-08
3.763236397331356457e-08
3.763384655300222350e-08
3.763532913269088243e-08
3.763681171237953474e-08
3.763829429206819367e-08
3.763977687175685261e-08
3.764125945144551154e-08
3.764274203113417047e-08
3.764422461082282940e-08
3.764570719051148833e-08
3.764718977020014726e-08
3.764867234988880619e-08
3.765015492957746512e-08
3.765163750926611744e-08
3.765312008895477637e-08
3.765460266864343530e-08
3.765608524833209423e-08
3.765756782802075316e-08
3.765905040770941209e-08
3.766053298739807102e-08
3.766201556708672995e-08
3.766349814677538889e-08
3.766498072646404782e-08
3.766646330615270013e-08
3.766794588584135906e-08
3.766942846553001799e-08
3.767091104521867692e-08
3.767239362490733585e-08
3.767387620459599479e-08
3.767535878428465372e-08
3.767684136397331265e-08
3.767832394366197158e-08
3.767980652335063051e-08
3.768128910303928282e-08
3.768277168272794175e-08
3.768425426241660069e-08
3.768573684210525962e-08
3.768721942179391855e-08
3.768870200148257748e-08
3.769018458117123641e-08
3.769166716085989534e-08
3.769314974054855427e-08
3.769463232023721320e-08
3.769611489992586552e-08
3.769759747961452445e-08
3.769908005930318338e-08
3.770056263899184231e-08
3.770204521868050124e-08
3.770352779836916017e-08
3.770501037805781910e-08
3.770649295774647803e-08
3.770797553743513697e-08
3.770945811712378928e-08
3.771094069681244821e-08
3.771242327650110714e-08
3.771390585618976607e-08
3.771538843587842500e-08
3.771687101556708393e-08
3.771835359525574287e-08
3.771983617494440180e-08
3.772131875463306073e-08
3.772280133432171966e-08
3.772428391401037859e-08
3.772576649369903090e-08
3.772724907338768983e-08
3.772873165307634877e-08
3.773021423276500770e-08
3.773169681245366663e-08
3.773317939214232556e-08
3.773466197183098449e-08
3.773614455151964342e-08
3.773762713120830235e-08
3.773910971089695467e-08
3.774059229058561360e-08
3.774207487027427253e-08
3.774355744996293146e-08
3.774504002965159039e-08
3.774652260934024932e-08
3.774800518902890825e-08
3.774948776871756718e-08
3.775097034840622611e-08
3.775245292809488505e-08
3.775393550778354398e-08
3.775541808747219629e-08
3.775690066716085522e-08
3.775838324684951415e-08
3.775986582653817308e-08
3.776134840622683201e-08
3.776283098591549095e-08
3.776431356560414988e-08
3.776579614529280881e-08
3.776727872498146774e-08
3.776876130467012005e-08
3.777024388435877898e-08
3.777172646404743791e-08
3.777320904373609685e-08
3.777469162342475578e-08
3.777617420311341471e-08
3.777765678280207364e-08
3.777913936249073257e-08
3.778062194217939150e-08
3.778210452186805043e-08
3.778358710155670936e-08
3.778506968124536168e-08
3.778655226093402061e-08
3.778803484062267954e-08
3.778951742031133847e-08
3.779099999999999740e-08
